2.860308 5.877681 9.634528 9.946036 19.742899 12.904774 -20.498821 
2.979187 6.273807 10.531717 11.714349 -24.642169 -14.901830 -22.837435 
2.963015 6.193807 10.804755 11.532884 -23.635385 -14.890935 -22.704670 
2.964365 6.196720 10.964655 11.613908 23.420827 -15.392470 -22.924194 
2.896541 5.954966 10.609744 11.103036 21.974264 14.105022 -22.549506 
2.945561 6.112253 10.678922 11.423188 23.249220 -14.820545 -22.480451 
2.960124 6.154121 11.133685 12.390066 24.510608 15.868179 -24.198161 
2.986481 6.255040 10.314969 10.984928 21.634878 14.112544 -24.110008 
2.966907 6.208439 9.553537 10.162790 20.021306 13.267455 21.415931 
3.019260 6.388264 9.764796 10.545552 20.720604 13.764433 21.229787 
3.022880 6.495649 10.140171 11.062801 21.723237 14.340115 -21.976231 
3.006765 6.519319 10.300694 10.733654 21.253532 13.999725 22.204554 
