2.823660 5.761206 9.150265 9.402238 18.679647 12.290728 19.815750 
2.907655 6.037666 10.301875 11.178828 22.002225 -14.658079 22.168097 
2.908049 6.027571 10.359734 11.283062 22.340689 -14.552471 22.193681 
2.862953 5.860399 9.476597 9.773708 19.403945 12.732776 20.216662 
2.980109 6.269258 10.148201 10.912580 21.488560 15.728981 21.804312 
2.942235 6.187765 10.104231 10.594738 20.957125 13.942473 21.563684 
2.942235 6.187765 10.104231 10.594738 20.957125 13.942473 21.563684 
2.809040 5.732397 9.074293 9.332485 18.539004 12.219249 19.458017 
3.020774 6.363131 9.808689 10.381552 20.480648 13.571299 21.347402 
3.002601 6.293881 9.749030 10.318751 20.361488 13.488635 21.052014 
3.025187 6.405552 9.682692 10.282117 20.264539 13.484896 -22.308714 
2.977989 6.250459 9.423115 9.896690 19.556597 13.021996 -21.878670 
