3.143115 6.948696 12.099321 13.622054 26.529170 17.139178 26.840531 
3.154586 7.033607 12.247285 13.939180 27.526278 17.805253 27.055984 
3.141981 6.948887 12.158867 13.773308 -27.450326 18.270058 -26.747776 
3.173472 7.362994 13.981768 14.801487 29.277391 18.517821 -29.439414 
3.154306 7.038010 12.335948 13.747419 27.081297 17.488377 26.854598 
3.151642 7.020047 12.355985 14.113765 27.529073 17.722309 -27.472863 
3.135965 6.863434 11.010764 12.216925 24.974635 -16.672611 -23.831892 
3.145274 6.935993 11.244913 12.517955 -24.715404 -16.221643 -24.457085 
3.127908 6.809103 10.897580 12.058237 24.324193 -16.787056 -23.541987 
3.142977 6.913495 11.189408 12.430500 -25.963388 -16.666426 -24.240532 
3.157526 7.035296 11.618263 13.011827 -25.612887 -16.746164 -25.394585 
3.148433 6.953536 11.372005 12.686289 -25.176227 -16.495612 -24.743143 
3.202113 8.454664 12.166172 14.897125 28.617089 19.313867 -28.547103 
3.201490 8.324533 12.224919 14.991930 28.912827 19.496961 -28.659139 
3.202798 8.547507 12.569657 15.355913 -29.527090 -20.004635 -29.423561 
3.203906 9.013272 12.599761 15.829849 -30.356163 -20.930526 -30.103739 
3.203858 9.048981 12.497080 15.625071 30.464960 20.517952 29.692245 
3.202788 8.641518 11.901739 14.697624 28.098957 19.078284 -28.210970 
2.893372 8.264650 8.609870 9.615726 18.729303 13.805946 19.951480 
2.868212 7.037328 8.498891 9.350271 18.275333 12.869067 19.602069 
2.861640 7.070508 8.476744 9.336557 18.250658 12.892763 18.979202 
2.854666 6.799944 8.457507 9.253109 18.109075 12.654109 19.367700 
2.847473 6.638506 8.436660 9.189678 18.003654 12.510688 19.218245 
2.835406 6.491805 8.408890 9.135249 17.907671 12.381661 19.302105 
3.145478 6.987433 12.107537 13.138344 -25.806325 -16.657150 26.124993 
3.142518 6.957576 12.088718 13.176250 -25.831689 -16.697581 -26.308054 
3.144632 6.971915 12.067236 13.151738 -25.761258 -16.639256 -27.672663 
3.143915 6.965485 12.357614 13.415886 -26.325434 -16.910805 26.803369 
3.147366 6.988883 12.679147 13.808245 -27.670812 -19.623186 27.064880 
3.153363 7.035753 12.784976 13.900690 -27.477550 -17.607852 27.333870 
2.772593 5.670896 9.299317 9.586112 19.041014 12.441362 19.660312 
2.680509 5.425568 8.916633 9.043665 18.024143 11.758098 19.433299 
2.885837 5.947587 10.021304 10.314705 20.486318 13.290954 21.374166 
2.755176 5.628075 9.230701 9.517239 18.905953 12.370915 19.482598 
2.713485 5.514539 9.093759 9.321404 18.533436 12.092280 19.375366 
2.597062 5.236878 8.964702 9.096319 18.127624 11.725759 19.345798 
2.909377 5.952756 11.347578 12.363907 -24.221393 -15.341896 -25.268209 
2.922621 5.988591 11.606987 12.275681 24.343070 15.583497 -24.395098 
2.891335 5.905618 11.103766 12.002349 -24.264751 -15.272418 -23.563849 
2.925130 5.995298 11.494852 12.500025 -24.536772 -15.518128 24.887953 
2.933702 6.019329 11.588386 12.527776 -25.089833 -15.826499 -24.608298 
2.919568 5.982085 11.358379 12.287740 -24.499338 -15.516012 -24.150497 
