3.146429 6.987877 13.353614 14.365465 28.226608 18.572691 29.291624 
3.163002 7.214382 13.089889 16.454542 -32.076892 21.222555 -31.231131 
3.194967 9.487505 12.763596 14.523106 28.343087 -19.755618 28.293665 
2.927227 6.003561 11.018732 12.024428 -23.611877 -15.059258 23.837145 
3.065554 6.475789 11.285964 12.033542 23.829675 15.679964 23.858930 
2.883455 5.886840 11.102263 12.081463 -23.824402 -15.117897 23.823282 
3.078680 6.808243 9.752571 10.907570 -22.120738 -15.048426 21.241393 
2.898672 5.938724 9.685892 9.985499 19.821904 12.965549 -21.064725 
2.869927 5.907400 9.237295 9.480078 18.843028 12.450334 19.694414 
2.894692 5.974383 9.651350 10.106027 20.009801 13.235606 20.465796 
3.011042 6.265946 10.900882 11.516386 22.769444 14.786327 -23.091420 
2.982679 6.181509 10.024934 10.414569 20.634321 13.505570 -23.484367 
