2.779139 5.665409 9.149351 9.331179 18.571559 12.164428 -20.209143 
2.871692 5.914721 10.511364 11.913915 23.776725 15.256610 23.137711 
2.869161 5.974921 10.088352 11.925083 23.329240 15.479174 -22.969755 
2.825794 5.811757 11.388973 10.946097 22.124135 13.984865 -22.776572 
2.890731 5.972956 10.395501 11.494611 -22.913193 -14.526385 22.465697 
2.825308 5.819057 10.144764 11.663268 -22.567288 -14.689522 -24.918034 
2.972261 6.217922 9.672832 10.202362 20.140476 13.313331 -21.451829 
2.960564 6.166792 9.648253 10.182035 20.097815 13.268354 -21.363929 
2.986285 6.274548 9.606775 10.167307 20.054851 13.305309 21.371964 
3.008206 6.347936 9.681564 10.342026 20.357094 13.523680 21.266378 
3.015839 6.388815 9.618833 10.360588 20.350594 13.556015 21.783186 
2.973009 6.464844 9.585234 10.130044 19.987811 13.362500 21.602328 
