2.831836 5.778740 10.222941 10.340250 20.622067 13.229652 -22.117448 
2.941219 6.233340 11.895592 11.500522 -23.253536 -14.833830 23.523843 
2.930321 6.126974 10.322601 11.215686 22.252264 14.451799 22.059761 
2.926233 6.104125 11.240223 12.464773 24.335019 15.861234 -24.869885 
2.914093 6.059436 10.353604 11.368629 22.602151 14.620308 -22.272829 
2.947540 6.168764 9.899329 11.090282 21.755031 14.321957 -21.717770 
2.972119 6.204627 9.600747 10.207406 20.111502 13.309730 22.142618 
2.978855 6.219282 9.689749 10.339865 20.356630 13.453042 21.378092 
2.982372 6.226426 9.762478 10.447011 20.552903 13.561504 -21.690840 
3.046874 6.495091 9.804147 10.657843 20.919890 13.947097 -21.326505 
3.001796 6.311436 9.725300 10.429226 20.511959 13.594346 -21.308626 
2.975408 6.304282 9.797762 10.523073 20.686934 13.681441 -21.585088 
