   5.7514047e-01   2.8962805e-01   2.1771000e-02   1.3711915e-02   2.3684597e-04   7.3619614e-03   5.5768971e-06
   5.0234752e-01   2.1618210e-01   8.6694816e-03   4.4482072e-03   2.7381203e-05   1.9935516e-03  -3.6484504e-06
   4.5335508e-01   1.7252064e-01   3.9234147e-03   1.8942887e-03   5.1640905e-06   7.8666757e-04  -3.0352087e-08
   4.8175243e-01   1.9685915e-01   8.9948594e-03   5.1118719e-03   3.4617658e-05   2.2549368e-03   1.7739076e-06
   5.2043918e-01   2.3406327e-01   2.0497879e-02   1.3504154e-02   2.2453898e-04   6.5000418e-03   7.8283374e-06
   5.2278157e-01   2.3601548e-01   2.2565683e-02   1.4760873e-02   2.6920337e-04   7.1352021e-03   1.0205002e-05
   4.8906812e-01   2.0676890e-01   3.0341483e-03   1.5016936e-03   3.1833312e-06   6.6123206e-04   3.7600209e-07
   4.6021163e-01   1.7936028e-01   4.5237704e-03   2.3977928e-03   7.8875256e-06   1.0093068e-03   3.8879812e-07
   4.9714736e-01   2.1065866e-01   8.0410522e-03   3.9445601e-03   2.1949191e-05   1.7170734e-03  -3.4289079e-06
   5.1069260e-01   2.2391342e-01   1.0098785e-02   5.3980907e-03   3.9534134e-05   2.4487551e-03  -5.0558064e-06
   4.9270751e-01   2.0628121e-01   7.6446255e-03   3.9363558e-03   2.1485428e-05   1.7482108e-03  -2.1559965e-06
   4.7245806e-01   1.8851955e-01   8.1809090e-03   4.4353060e-03   2.6630310e-05   1.8905746e-03  -2.1493448e-06
   4.6094775e-01   1.7950258e-01   3.3190545e-03   1.2072563e-03   2.2697447e-06   4.2396830e-04   8.2961369e-07
   4.8732498e-01   2.0382486e-01   5.2580416e-03   2.4822429e-03   8.7856276e-06   1.0283485e-03  -1.7976123e-06
   5.1149905e-01   2.2565084e-01   6.6306752e-03   3.3409515e-03   1.5522253e-05   1.4992613e-03  -2.5155262e-06
   4.7191559e-01   1.8870597e-01   4.1925731e-03   2.0518814e-03   5.9535396e-06   8.5436983e-04   8.8002464e-07
   5.1122896e-01   2.2623691e-01   9.9043684e-03   6.0690358e-03   4.7041941e-05   2.8811751e-03  -1.0478209e-06
   4.9880664e-01   2.1480036e-01   4.5787267e-03   2.3999111e-03   7.8880577e-06   1.0673395e-03   1.0333579e-06
   5.1534688e-01   2.2964211e-01   8.0979570e-03   4.4752581e-03   2.6831352e-05   2.1003514e-03   2.4289653e-06
   4.7058193e-01   1.8894681e-01   3.7629071e-03   1.7863661e-03   4.5546060e-06   7.2159073e-04   8.4020323e-07
