Errores2/prueba1.bmp	0.109699 -0.140048 nan nan nan nan nan 
Errores2/prueba2.bmp	0.109699 -0.140048 nan nan nan nan nan 
Errores2/prueba3.bmp	0.109699 -0.140048 nan nan nan nan nan 
Errores2/prueba4.bmp	-0.547870 -0.057026 -0.735576 -0.702272 0.159957 0.233112 -0.317774 
Errores2/prueba5.bmp	0.109699 -0.140048 nan nan nan nan nan 
Errores2/prueba6.bmp	0.294576 0.246862 -0.333942 -0.304290 0.242176 0.293889 0.476052 
Errores2/prueba7.bmp	0.109699 -0.140048 nan nan nan nan nan 
Errores2/prueba8.bmp	0.109699 -0.140048 nan nan nan nan nan 
Errores2/prueba9.bmp	0.193954 0.046438 0.349570 -0.014893 -0.674765 0.319098 -0.411372 
Errores2/prueba10.bmp	0.109699 -0.140048 nan nan nan nan nan 
Errores2/prueba11.bmp	0.109446 -0.028045 -0.261762 -0.275399 0.253470 0.295683 -0.371168 
Errores2/prueba12.bmp	0.627171 0.738265 0.492275 0.524262 0.364787 0.400368 -0.475757 
Errores2/prueba13.bmp	0.416681 0.161906 0.235103 0.177436 0.319713 0.354853 0.518497 
Errores2/prueba14.bmp	0.354916 0.095766 -0.147895 -0.077887 0.274808 0.313422 -0.399725 
Errores2/prueba15.bmp	0.612612 0.577260 0.497276 0.501890 -0.712090 -0.663943 -0.470579 
