   7.9455633e-01   3.6572235e-01   3.0636900e-01   1.3426550e-01   2.7227432e-02   8.1170828e-02  -4.6145163e-04
   7.8948296e-01   3.6507063e-01   2.8400483e-01   1.2095026e-01   2.2408931e-02   7.2999447e-02  -5.9280802e-04
   7.9397853e-01   3.8033988e-01   2.2195425e-01   8.3463491e-02   1.1359953e-02   5.1470804e-02  -3.1438535e-06
   8.3370189e-01   4.0665410e-01   3.0896567e-01   1.2938799e-01   2.5860075e-02   8.2492343e-02  -7.1572678e-04
   7.6086948e-01   3.1074374e-01   2.3926187e-01   8.9561378e-02   1.3110380e-02   4.9921970e-02  -4.5650170e-05
   7.8878158e-01   3.3420851e-01   2.8300975e-01   1.1457705e-01   2.0624634e-02   6.6155954e-02  -5.6153416e-04
   7.4960756e-01   3.1570605e-01   2.1274847e-01   8.2722772e-02   1.0968707e-02   4.6438851e-02  -3.4555436e-04
   7.9017911e-01   3.5255519e-01   2.7376926e-01   1.1667779e-01   2.0845493e-02   6.9253307e-02  -5.7024943e-04
   7.6800465e-01   3.2607346e-01   2.4913555e-01   9.7665796e-02   1.5230057e-02   5.5768052e-02  -3.7278879e-04
   7.9388180e-01   3.6615988e-01   2.6957220e-01   1.0925018e-01   1.8737498e-02   6.6103390e-02  -6.4757393e-04
   7.9608418e-01   3.5967827e-01   2.9275607e-01   1.2253640e-01   2.3206166e-02   7.3488386e-02  -3.4232153e-04
   7.6894989e-01   3.3601969e-01   2.3920419e-01   9.3106752e-02   1.3893418e-02   5.3970050e-02  -2.0456562e-04
   7.8760717e-01   3.5943554e-01   2.7158079e-01   1.1239197e-01   1.9632332e-02   6.7329952e-02  -3.7823949e-04
   7.6804043e-01   3.2573566e-01   2.5406855e-01   1.0522599e-01   1.7199423e-02   6.0022869e-02  -4.4623117e-04
   8.0130101e-01   3.7450908e-01   2.7813481e-01   1.1477120e-01   2.0504381e-02   7.0231225e-02  -2.4247629e-04
   7.7534947e-01   3.4099818e-01   2.6280872e-01   1.0537497e-01   1.7535686e-02   6.1533758e-02  -6.8992554e-05
   8.0677767e-01   3.7330582e-01   3.3457520e-01   1.4902750e-01   3.3276160e-02   9.1029689e-02  -2.6047449e-04
   8.1208755e-01   3.6593787e-01   3.5493491e-01   1.6201978e-01   3.8850800e-02   9.7947233e-02  -4.2890917e-04
   8.0302364e-01   3.6806348e-01   3.1340280e-01   1.3868283e-01   2.8908011e-02   8.4100166e-02  -5.0887065e-04
   7.8983339e-01   3.6646807e-01   2.5391792e-01   1.0553677e-01   1.7276076e-02   6.3887477e-02  -1.0010999e-04
