2.716730 5.508868 9.234641 9.325915 18.606813 12.092925 19.878550 
2.905010 6.015106 10.888662 11.367972 22.557527 14.735318 22.801053 
2.821358 5.755250 9.772670 9.889968 19.721362 12.772529 -21.451362 
2.901526 5.947353 10.414290 11.287983 24.346939 -14.734076 -22.139128 
2.924124 6.066374 10.455534 10.720859 21.311771 13.804935 -22.261842 
2.909339 6.028413 11.501387 10.958447 22.294300 14.010657 22.395039 
2.886303 6.013889 10.335797 11.187713 -22.048356 14.209846 -22.167844 
2.896895 6.024403 10.080614 11.918541 23.438729 15.186048 -22.938824 
2.877404 5.949621 10.183419 12.149586 23.586182 -15.188819 23.389933 
2.820073 5.805177 10.206699 12.780251 24.302638 -16.512017 24.725864 
2.764243 5.614240 9.507616 9.638934 19.213095 12.458233 20.407225 
2.802663 5.712454 9.452105 9.611679 19.144108 12.471998 20.447261 
