3.097103 6.619122 11.854300 12.731903 25.029170 16.048097 25.885675 
3.100996 6.648997 11.764877 12.762210 25.093424 16.157126 -25.311890 
3.088212 6.578386 11.551638 12.414780 24.416189 15.731303 -24.945364 
3.068356 6.479193 11.725785 12.369057 24.417855 15.613019 25.516090 
3.109257 6.684042 11.896802 12.713164 25.040333 16.094731 -25.524485 
3.115487 6.724504 11.891689 12.776029 25.110315 16.138456 -26.463018 
3.121342 6.755496 12.052821 12.940458 25.470664 16.373886 -25.859091 
3.111132 6.702489 11.813962 12.737983 25.019343 16.095861 -25.819302 
3.106709 6.670387 11.853339 12.717135 25.011808 16.067582 -25.688054 
3.098136 6.625796 11.646958 12.468433 24.526341 15.781692 26.030329 
3.104757 6.666699 11.460806 12.382368 24.309152 15.722931 25.117034 
3.099203 6.634273 11.389811 12.219973 24.024901 15.537528 25.918486 
