2.702628 5.455521 10.269630 10.377479 20.701035 13.105347 23.394548 
2.669133 5.380912 11.865912 12.048448 24.008198 14.783733 24.970307 
2.689536 5.423834 10.325138 10.481283 20.885259 13.213370 -22.111412 
2.715249 5.481681 10.574720 10.816492 21.515575 13.596456 22.411606 
2.662284 5.363842 10.446838 10.601037 21.125512 13.296163 22.428712 
2.712367 5.477686 10.663004 10.791321 21.518611 13.532401 23.134162 
2.710417 5.473242 10.553427 10.667996 21.278749 13.405282 23.135445 
2.703581 5.455414 11.278927 12.005448 24.024423 16.286346 -23.689769 
2.833968 5.760353 11.982340 12.173472 24.251378 15.053767 27.732205 
2.842694 5.782687 12.474957 13.025799 25.850740 16.188522 -26.044506 
2.840362 5.776229 13.139219 13.504543 26.853417 16.617435 27.292538 
2.794543 5.665023 11.666492 12.639869 -24.795917 -15.473646 -25.734155 
