3.000807 8.650301 11.555929 11.258558 -22.697048 -15.760864 23.102217 
3.131189 8.488812 12.132437 11.662741 23.623534 -16.314302 -23.859174 
3.196224 8.895173 11.058952 13.046853 -26.302074 17.799254 -25.100613 
3.133174 8.586740 10.942796 11.839754 -23.347295 16.675643 -23.422227 
3.126257 8.915413 10.894978 11.803968 -23.181474 17.288705 -23.611852 
3.138466 8.602860 11.279207 11.947885 -23.595611 -16.461839 -23.979782 
2.868519 8.723944 11.081705 11.597409 -23.072295 -16.068560 -23.103810 
2.883356 8.142200 12.060712 11.621969 -23.988178 15.699091 23.483594 
3.032309 6.618689 9.433022 10.125139 19.904828 13.438164 21.180720 
3.156391 7.089323 12.145239 13.911176 27.143644 17.633768 -27.046853 
3.156972 7.097566 12.323530 14.176607 28.366679 18.042393 -27.429557 
3.166710 7.230123 12.190132 14.256218 -27.533461 -18.264319 -27.807775 
3.162596 7.184460 12.187452 14.720882 -28.546177 18.805095 -28.218414 
3.154080 7.071845 12.333503 13.979494 27.333900 17.792528 27.247628 
3.046013 6.743049 9.419926 10.110989 19.876529 13.482812 21.585241 
3.036973 6.668772 9.433125 10.132228 19.917539 13.477832 -20.874328 
2.930533 6.126335 9.119507 9.594517 18.951539 12.658026 21.138750 
2.931774 6.073583 9.332449 9.719983 19.248712 12.769041 20.215775 
2.912877 6.005469 9.373249 9.723694 19.275836 12.748165 -20.160025 
2.875557 5.903411 9.444441 10.059925 19.890002 13.275875 -20.072520 
2.934088 6.110600 9.434426 10.138295 19.947904 13.233918 20.421362 
2.925945 6.116929 9.223528 9.863737 19.407514 12.922629 -20.995948 
2.874482 5.928233 8.861210 9.105105 18.088268 12.069511 -20.409520 
3.073933 6.726129 9.576356 10.419353 20.471560 13.887976 20.744587 
